9945959833
9149491083
9474071064
7029573860
6362072045
9480459922
9492506313
6287590104
9162031189
9194731142
9916248770
6350222545
8957839265
9916574887
6306123079
9598530252
8158904633
9434331356
7019152890
9779865419
9448605814
8972381367
9838703456
9013151515
8073831246
9660700506
9686521976
9886602566
9380597878
9492506313
6294956565
9614200675
8608039136
9886931090
7001552483
9332137289
8431287375
9197411112
7795045616
9434574644
6395191986
8088461639
8657568655
9474553389
7891768215
9874303223
8902646320
9972233858
9535587260
9900313542
7384747630
8569898783
9916616264
6361230800
7678005260
9448235383
9880269820
7981314426
9182171115
9434377444
9021528072
9003253644
9732358666
9733848459
9448555312
9571208053
9742332490
7304964373
9741143939
7001837452
9188851459
9086109836
7760899143
7076821559
9197258111
9483512589
8145695936
8167326193
9606231954
7042830765
9530469925
7761937677
6295666946
7063605288
9035746766
9606279612
9064538121
9535687519
9902333619
9845942068
